0 0.810096 0.894231 0.201923 0.057692
2 0.236779 0.329327 0.281250 0.129808
2 0.626202 0.387019 0.338942 0.081731
0 0.705529 0.489183 0.165865 0.088942
2 0.354567 0.586538 0.487981 0.100962
0 0.269231 0.459135 0.134615 0.100962
0 0.396635 0.483173 0.197115 0.110577
0 0.709135 0.824519 0.182692 0.110577
0 0.557692 0.792067 0.182692 0.093750
0 0.426683 0.763221 0.165865 0.103365
0 0.318510 0.740385 0.156250 0.091346
0 0.227163 0.715144 0.151442 0.088942
0 0.150240 0.701923 0.132212 0.076923
0 0.086538 0.676683 0.100962 0.064904
0 0.040865 0.661058 0.076923 0.072115
0 0.040865 0.638221 0.076923 0.064904
